-2.487700e-10
4.737440e-09
1.240320e-08
2.184230e-09
-2.973500e-08
-2.774100e-08
4.823500e-08
9.048520e-08
-4.377200e-08
-2.029250e-07
-2.932510e-08
3.576770e-07
2.380760e-07
-5.050540e-07
-6.566610e-07
5.295140e-07
1.333030e-06
-2.353910e-07
-2.234560e-06
-6.431890e-07
3.178850e-06
2.391890e-06
-3.766430e-06
-5.213130e-06
3.343880e-06
9.069840e-06
-1.034200e-06
-1.349480e-05
-4.128200e-06
1.740810e-05
1.293250e-05
-1.901120e-05
-2.559820e-05
1.583850e-05
4.129850e-05
-5.051360e-06
-5.769430e-05
-1.597340e-05
7.062320e-05
4.876210e-05
-7.411830e-05
-9.265600e-05
6.092810e-05
1.437040e-04
-2.365710e-05
-1.938180e-04
-4.346070e-05
2.305290e-04
1.423000e-04
-2.376970e-04
-2.684200e-04
1.974200e-04
4.089860e-04
-9.322640e-05
-5.416670e-04
-8.565060e-05
6.351460e-04
3.394240e-04
-6.517940e-04
-6.531620e-04
5.527340e-04
9.935330e-04
-3.051330e-04
-1.308020e-03
-1.089870e-04
1.527640e-03
6.836460e-04
-1.573810e-03
-1.381190e-03
1.369320e-03
2.127840e-03
-8.527390e-04
-2.814330e-03
-5.435980e-06
3.302930e-03
1.187240e-03
-3.441490e-03
-2.615020e-03
3.083860e-03
4.145540e-03
-2.114930e-03
-5.572670e-03
4.775430e-04
6.640170e-03
1.802540e-03
-7.064640e-03
-4.597380e-03
6.566940e-03
7.666900e-03
-4.908950e-03
-1.066030e-02
1.931060e-03
1.312890e-02
2.414870e-03
-1.454760e-02
-8.042480e-03
1.433730e-02
1.472210e-02
-1.187360e-02
-2.208890e-02
6.451060e-03
2.966940e-02
2.871720e-03
-3.692220e-02
-1.777630e-02
4.329150e-02
4.248360e-02
-4.826480e-02
-9.280870e-02
5.142860e-02
3.137770e-01
4.474860e-01
3.137770e-01
5.142860e-02
-9.280870e-02
-4.826480e-02
4.248360e-02
4.329150e-02
-1.777630e-02
-3.692220e-02
2.871720e-03
2.966940e-02
6.451060e-03
-2.208890e-02
-1.187360e-02
1.472210e-02
1.433730e-02
-8.042480e-03
-1.454760e-02
2.414870e-03
1.312890e-02
1.931060e-03
-1.066030e-02
-4.908950e-03
7.666900e-03
6.566940e-03
-4.597380e-03
-7.064640e-03
1.802540e-03
6.640170e-03
4.775430e-04
-5.572670e-03
-2.114930e-03
4.145540e-03
3.083860e-03
-2.615020e-03
-3.441490e-03
1.187240e-03
3.302930e-03
-5.435980e-06
-2.814330e-03
-8.527390e-04
2.127840e-03
1.369320e-03
-1.381190e-03
-1.573810e-03
6.836460e-04
1.527640e-03
-1.089870e-04
-1.308020e-03
-3.051330e-04
9.935330e-04
5.527340e-04
-6.531620e-04
-6.517940e-04
3.394240e-04
6.351460e-04
-8.565060e-05
-5.416670e-04
-9.322640e-05
4.089860e-04
1.974200e-04
-2.684200e-04
-2.376970e-04
1.423000e-04
2.305290e-04
-4.346070e-05
-1.938180e-04
-2.365710e-05
1.437040e-04
6.092810e-05
-9.265600e-05
-7.411830e-05
4.876210e-05
7.062320e-05
-1.597340e-05
-5.769430e-05
-5.051360e-06
4.129850e-05
1.583850e-05
-2.559820e-05
-1.901120e-05
1.293250e-05
1.740810e-05
-4.128200e-06
-1.349480e-05
-1.034200e-06
9.069840e-06
3.343880e-06
-5.213130e-06
-3.766430e-06
2.391890e-06
3.178850e-06
-6.431890e-07
-2.234560e-06
-2.353910e-07
1.333030e-06
5.295140e-07
-6.566610e-07
-5.050540e-07
2.380760e-07
3.576770e-07
-2.932510e-08
-2.029250e-07
-4.377200e-08
9.048520e-08
4.823500e-08
-2.774100e-08
-2.973500e-08
2.184230e-09
1.240320e-08
4.737440e-09
-2.487700e-10
