 47.572	 32.753	  9.500	  0.554
 47.606	 32.709	 10.000	  3.534
 47.590	 32.772	 10.700	  0.453
 47.765	 32.671	 10.200	  0.721
 47.642	 32.695	 11.100	  1.760
 47.596	 32.807	  8.200	  0.483
 47.594	 32.806	  8.000	  1.264
 47.683	 32.683	 10.000	  0.490
 47.521	 32.781	  6.200	  0.485
 47.591	 32.782	  6.000	  0.625
 47.384	 32.754	 11.100	  0.809
 47.385	 32.749	 11.000	  1.705
 47.637	 32.687	 10.500	  1.292
 47.512	 32.780	  9.000	  1.208
 47.807	 32.696	 11.700	  0.998
 47.518	 32.706	 12.100	  3.151
 47.734	 32.679	 10.100	  1.092
 47.510	 32.774	 11.500	  1.996
 47.715	 32.661	 11.500	  0.828
 47.551	 32.809	  8.000	  2.002
 47.577	 32.812	  8.400	  0.875
 47.826	 32.673	 12.400	  2.025
 47.853	 32.748	  9.700	  1.264
 47.390	 32.753	  9.600	  0.390
 47.791	 32.648	 10.600	  0.461
 47.511	 32.783	 10.600	  1.001
 47.556	 32.753	  9.000	  0.365
 47.536	 32.756	 13.200	  1.277
 47.717	 32.696	 11.200	  1.239
 47.673	 32.680	 13.000	  2.118
 47.718	 32.696	  9.700	  4.149
 47.782	 32.710	  9.400	  0.140
 47.487	 32.739	 11.000	  0.435
 47.471	 32.704	 15.700	  1.053
 47.548	 32.735	  9.200	  2.612
 47.571	 32.690	 11.500	  2.059
 47.531	 32.721	 11.500	  0.705
 47.708	 32.611	 13.200	  0.781
 47.706	 32.689	 11.000	  0.369
 47.580	 32.786	  6.100	  1.900
 47.716	 32.744	  9.900	  1.643
 47.594	 32.783	  6.400	  0.704
 47.815	 32.790	  9.800	  1.673
 47.487	 32.758	 13.600	  3.443
 47.799	 32.686	 10.000	  1.098
 47.467	 32.750	 10.000	  0.311
 47.497	 32.756	 11.000	  1.318
 47.512	 32.820	 10.100	  1.731
 47.721	 32.682	 10.200	  2.166
 47.826	 32.678	 11.500	  4.125
 47.635	 32.647	  8.200	  1.004
 47.494	 32.737	 11.300	  1.536
 47.799	 32.687	 10.800	  0.355
 47.609	 32.761	  9.800	  5.416
 47.785	 32.702	 10.000	  0.370
 47.397	 32.715	 12.800	  0.898
 47.877	 32.548	 10.000	  0.461
 47.758	 32.705	 11.300	  3.561
 47.768	 32.714	 11.100	  0.790
 47.422	 32.707	 14.900	  0.721
 47.759	 32.707	 11.300	  0.645
 47.574	 32.727	  9.700	  1.921
 47.810	 32.547	 13.000	  1.242
 47.707	 32.714	 10.900	  0.390
 47.708	 32.712	 10.500	  2.782
 47.582	 32.714	 10.500	  3.143
 47.756	 32.709	 11.100	  1.111
 47.716	 32.715	 10.800	  1.247
 47.650	 32.751	  9.400	  2.483
 47.711	 32.716	 10.400	  1.493
 47.822	 32.728	 11.200	  2.779
 47.765	 32.644	 12.200	  0.578
 47.804	 32.689	  9.600	  1.280
 47.998	 32.525	  7.600	  4.125
 47.555	 32.761	  9.300	  1.098
 47.557	 32.759	  9.200	  0.546
 47.558	 32.758	  9.400	  0.500
 47.815	 32.572	 10.000	  0.718
 47.793	 32.711	 10.700	  1.555
 47.885	 32.501	  7.600	  1.581
 47.571	 32.748	  9.900	  0.972
 47.668	 32.680	 13.500	  0.166
 47.766	 32.654	 11.500	  1.248
 47.869	 32.550	  9.600	  1.760
 47.669	 32.750	  9.100	  1.264
 47.549	 32.821	 10.900	  2.660
 47.788	 32.707	  9.700	  1.324
 47.681	 32.681	 10.500	  0.193
 47.600	 32.679	 14.200	  0.051
 47.643	 32.675	 12.600	  1.760
 47.774	 32.670	 10.000	  0.946
 47.797	 32.764	 11.500	  1.295
 47.669	 32.694	  9.700	  1.558
 47.581	 32.602	 14.400	  1.947
 47.866	 32.554	  9.500	  1.587
 47.865	 32.522	  7.200	  2.693
 47.742	 32.702	 11.600	  1.535
 47.464	 32.713	 15.100	  2.074
 47.747	 32.677	 10.100	  0.656
 47.770	 32.610	 10.600	  1.798
 47.694	 32.761	 10.300	  0.472
 47.810	 32.551	 11.600	  1.390
 47.757	 32.680	 11.100	  0.795
 47.849	 32.560	  9.900	  1.504
 47.775	 32.700	 11.900	  0.671
 47.576	 32.782	  6.700	  1.302
 47.799	 32.528	  6.200	  0.344
 47.641	 32.685	 10.000	  0.355
 47.590	 32.795	  5.600	  1.864
 47.795	 32.678	 11.900	  0.634
 47.593	 32.787	  9.000	  0.355
 47.514	 32.718	 12.400	  0.828
 47.578	 32.790	  8.600	  1.957
 47.642	 32.668	 13.800	  1.079
 47.760	 32.664	 10.300	  1.025
 47.601	 32.667	 13.800	  0.212
 47.602	 32.771	  9.000	  0.784
 47.565	 32.753	  9.200	  0.472
 47.580	 32.695	 10.300	  2.654
 47.628	 32.720	  8.900	  1.401
 47.577	 32.700	  9.400	  1.038
 47.659	 32.685	 10.500	  1.345
 47.802	 32.690	  9.700	  0.126
 47.713	 32.614	 14.000	  0.246
 47.574	 32.703	 10.300	  1.028
 47.771	 32.668	 10.800	  1.751
 47.468	 32.711	 15.000	  1.673
 47.802	 32.789	 10.600	  2.845
 47.798	 32.711	  8.800	  1.264
 47.796	 32.712	  8.600	  0.410
 47.581	 32.694	 11.000	  1.787
 47.582	 32.788	  8.600	  2.845
 47.750	 32.610	 12.700	  0.649
 47.548	 32.776	  9.200	  1.485
 47.421	 32.709	 13.900	  0.819
 47.645	 32.741	  1.800	  1.268
 47.545	 32.759	  8.500	  0.370
 47.814	 32.643	 10.900	  1.221
 47.570	 32.806	 14.600	  0.390
 47.549	 32.759	 10.200	  1.345
 47.539	 32.806	 11.900	  0.184
 47.599	 32.802	  8.600	  1.848
 47.542	 32.745	 10.100	  1.248
 47.496	 32.758	 11.300	  1.491
 47.580	 32.809	  7.500	  0.828
 47.796	 32.717	  8.800	  1.026
 47.624	 32.689	 12.000	  0.838
 47.623	 32.662	 11.900	  0.950
 47.541	 32.783	  9.700	  2.973
 47.483	 32.721	 13.100	  2.526
 47.782	 32.696	  8.800	  0.212
 47.602	 32.769	  8.200	  2.166
 47.577	 32.729	  9.600	  0.862
 47.643	 32.736	  9.600	  1.169
 47.532	 32.771	  9.300	  1.239
 47.385	 32.730	 11.800	  1.962
 47.264	 32.748	 12.600	  1.484
 47.462	 32.749	 11.800	  2.009
 47.658	 32.733	  8.500	  1.003
 47.715	 32.737	  9.800	  1.018
 47.531	 32.721	 12.400	  0.928
 47.709	 32.724	 10.200	  1.003
 47.740	 32.692	 10.100	  1.291
 47.806	 32.797	  9.500	  1.403
 47.802	 32.794	 10.100	  1.286
 47.803	 32.793	 11.400	  0.212
 47.586	 32.716	  9.600	  2.125
 47.733	 32.634	 11.400	  1.992
 47.715	 32.733	 10.100	  1.491
 47.717	 32.732	 10.000	  1.270
 47.535	 32.716	 10.000	  1.491
 47.612	 32.660	 13.200	  1.581
 47.482	 32.761	 13.800	  1.597
 47.511	 32.726	 11.900	  0.502
 47.580	 32.688	 11.900	  2.002
 47.730	 32.698	  9.000	  0.435
 47.835	 32.682	  6.300	  0.465
 47.611	 32.721	  9.300	  0.861
 47.801	 32.707	  9.700	  1.247
 47.789	 32.710	  9.700	  1.536
 47.610	 32.813	 13.300	  0.966
 47.471	 32.735	 11.900	  1.049
 47.774	 32.707	 10.600	  1.390
 47.797	 32.715	  9.800	  2.136
 47.615	 32.764	  8.400	  1.248
 47.594	 32.783	  5.900	  0.893
 47.616	 32.781	  7.400	  0.862
 47.677	 32.692	 11.000	  1.232
 47.755	 32.631	 10.300	  2.016
 47.642	 32.722	  8.800	  1.536
 47.791	 32.713	  7.500	  0.456
 47.832	 32.671	 12.000	  0.892
 47.806	 32.799	  9.200	  0.659
 47.682	 32.735	  9.300	  2.000
 47.809	 32.689	 11.900	  2.935
 47.797	 32.796	  9.700	  4.125
 47.798	 32.698	  9.300	  0.862
 47.814	 32.716	  9.000	  0.569
 47.569	 32.776	 10.200	  0.478
 47.808	 32.712	  9.800	  0.676
 47.535	 32.813	  9.000	  0.945
 47.754	 32.613	 11.600	  0.996
 47.629	 32.720	  9.000	  0.858
 47.632	 32.722	  9.000	  1.302
 47.489	 32.772	  8.300	  0.395
 47.473	 32.722	 14.000	  1.900
 47.568	 32.705	 11.300	  0.399
 47.584	 32.773	  9.000	  1.516
 47.844	 32.801	 10.000	  0.291
 47.519	 32.742	  9.700	  0.770
 47.662	 32.608	 13.300	  0.958
 47.582	 32.714	 10.800	  1.328
 47.759	 32.671	 10.800	  1.180
 47.589	 32.772	  9.400	  0.865
 47.589	 32.771	  8.000	  0.701
 47.592	 32.803	  8.900	  0.987
 47.473	 32.751	 12.300	  0.395
 47.741	 32.631	 12.700	  0.247
 47.410	 32.708	 12.800	  3.285
 47.382	 32.750	 10.200	  0.637
 47.630	 32.741	  8.700	  2.947
 47.794	 32.592	 12.100	  1.169
 47.879	 32.564	  0.000	  2.136
 47.840	 32.582	 10.300	  0.987
 47.871	 32.550	  9.300	  0.672
 47.848	 32.583	 10.300	  0.659
 47.742	 32.671	 10.500	  0.565
 47.877	 32.552	  8.100	  0.147
 47.764	 32.704	 10.800	  2.196
 47.882	 32.548	  9.300	  1.640
 47.844	 32.741	  7.600	  2.526
 47.467	 32.542	  8.500	  1.996
 47.718	 32.654	 11.500	  0.465
 47.512	 32.812	  9.200	  1.239
 47.464	 32.538	  9.400	  2.213
 47.467	 32.542	  8.500	  2.059
 47.461	 32.539	  9.300	  1.324
 47.730	 32.703	 10.200	  0.193
 47.838	 32.734	  8.400	  0.865
 47.823	 32.729	 10.000	  1.345
 47.817	 32.558	  8.300	  0.612
 47.842	 32.669	 12.600	  0.739
 47.827	 32.658	 12.200	  0.171
 47.852	 32.636	 12.700	  0.395
 47.874	 32.547	  8.700	  2.080
 47.551	 32.731	 11.500	  0.725
 47.886	 32.557	  8.900	  1.341
 47.786	 32.709	 10.800	  1.486
 47.392	 32.724	 11.900	  0.390
 47.912	 32.492	  9.300	  0.212
 47.916	 32.495	  8.900	  1.486
 47.912	 32.492	  9.700	  0.862
 47.915	 32.495	  9.600	  1.643
 47.494	 32.725	 14.300	  0.598
 47.792	 32.725	 11.100	  0.881
 47.798	 32.638	 10.700	  0.947
 47.565	 32.787	  9.500	  0.838
 47.748	 32.687	 10.900	  1.584
 47.915	 32.495	  8.600	  1.268
 47.912	 32.485	 10.200	  0.388
 47.915	 32.492	  8.800	  1.416
 47.939	 32.618	 13.300	  0.483
 47.648	 32.686	 10.100	  1.201
 47.780	 32.704	 10.000	  0.651
 47.786	 32.540	  0.900	  0.154
 47.911	 32.494	  8.500	  0.974
 47.788	 32.727	 10.300	  0.878
 47.859	 32.560	  8.400	  0.848
 47.629	 32.681	  9.300	  0.376
 47.815	 32.704	  9.900	  0.502
 47.416	 32.749	 12.800	  0.996
 47.899	 32.547	  9.400	  1.318
 47.594	 32.781	  8.100	  2.592
 47.836	 32.727	  9.100	  0.166
 48.030	 32.539	 13.800	  2.080
 47.553	 32.760	  9.600	  2.166
 47.676	 32.713	  8.200	  1.328
 47.625	 32.641	  7.700	  2.103
 47.937	 32.622	 13.700	  0.659
 47.936	 32.622	 13.900	  2.651
 47.834	 32.564	  8.300	  1.292
 47.684	 32.699	 14.400	  0.354
 47.737	 32.683	  9.000	  0.815
 47.764	 32.628	 10.800	  1.111
 47.618	 32.691	 10.300	  5.500
 47.796	 32.675	 10.900	  1.724
 47.798	 32.680	 10.300	  0.312
 47.752	 32.581	  0.000	  0.780
 47.645	 32.734	  9.300	  0.173
 47.859	 32.563	  6.100	  2.786
 47.556	 32.782	  9.800	  0.302
 47.605	 32.694	  9.200	  0.637
 47.917	 32.550	 11.600	  0.795
 47.755	 32.663	 11.000	  0.296
 47.534	 32.717	 12.600	  1.247
 47.596	 32.717	  9.900	  1.018
 47.936	 32.530	  8.200	  1.570
 47.774	 32.568	  8.800	  2.652
 47.635	 32.743	  9.600	  1.318
 47.746	 32.649	 10.600	  0.671
 47.882	 32.560	  8.000	  2.526
 47.941	 32.618	 14.700	  4.040
 47.916	 32.494	  8.900	  1.011
 47.936	 32.619	 13.900	  0.354
 47.870	 32.540	  5.900	  1.225
 47.748	 32.567	  1.100	  0.828
 47.620	 32.692	 10.100	  1.487
 47.683	 32.695	  9.700	  0.295
 47.712	 32.683	  9.900	  1.110
 47.552	 32.719	 12.700	  1.280
 47.728	 32.708	 10.300	  0.648
 47.759	 32.703	 11.300	  0.565
 47.797	 32.726	 10.700	  2.025
 47.793	 32.590	 13.000	  0.770
 47.779	 32.619	 12.600	  0.311
 47.379	 32.394	 15.300	  0.079
 47.371	 32.384	 14.200	  0.361
 47.379	 32.394	 12.900	  1.291
 47.750	 32.601	 10.600	  1.240
 47.745	 32.696	 11.500	  0.865
 47.741	 32.689	 11.000	  0.974
 47.706	 32.718	 10.100	  0.280
 47.784	 32.722	 11.100	  1.643
 47.823	 32.683	 11.700	  3.285
 47.795	 32.625	 10.600	  0.637
 47.598	 32.804	  9.700	  1.765
 47.597	 32.800	  9.100	  1.011
 47.799	 32.551	  0.900	  0.819
 47.769	 32.614	 11.200	  1.558
 47.934	 32.621	 13.900	  1.361
 47.539	 32.750	  1.500	  1.140
 47.683	 32.714	  8.500	  0.819
 47.915	 32.495	  8.800	  0.874
 47.807	 32.530	  7.000	  0.900
 47.799	 32.552	  0.600	  0.717
 47.959	 32.524	  7.800	  0.295
 47.581	 32.807	  8.200	  2.693
 47.584	 32.765	  8.800	  2.340
 47.584	 32.764	  9.500	  0.302
 47.580	 32.691	 10.900	  0.051
 47.586	 32.691	 11.200	  1.111
 47.588	 32.683	 11.700	  0.651
 47.958	 32.520	  8.700	  0.741
 47.807	 32.543	  8.000	  1.316
 47.583	 32.805	  9.600	  1.203
 47.386	 32.729	 11.700	  3.615
 48.005	 32.505	 11.800	  0.704
 47.811	 32.720	 14.200	  0.974
 47.831	 32.554	  6.100	  1.296
 47.824	 32.565	  7.800	  0.858
 47.583	 32.765	  9.800	  0.874
 47.840	 32.554	  7.900	  0.355
 47.820	 32.545	  9.800	  0.203
 47.839	 32.558	  8.900	  0.705
 47.540	 32.765	  8.900	  1.180
 47.896	 32.504	  6.800	  1.286
 47.967	 32.522	  9.500	  1.092
 47.632	 32.721	  8.600	  0.612
 47.777	 32.563	  9.000	  2.660
 47.774	 32.670	  9.500	  0.704
 47.734	 32.655	 11.700	  0.250
 47.555	 32.760	  8.500	  3.308
 47.781	 32.678	 10.100	  0.354
 47.749	 32.680	 10.300	  0.892
 47.471	 32.755	 11.400	  1.420
 47.799	 32.765	 11.800	  1.053
 47.855	 32.560	  5.800	  0.625
 47.734	 32.687	 11.500	  1.731
 47.586	 32.708	 10.900	  1.240
 47.589	 32.710	 11.000	  2.000
 47.665	 32.674	 10.100	  1.399
 47.812	 32.711	  9.400	  0.395
 47.748	 32.672	  8.600	  0.721
 47.791	 32.602	  9.700	  1.712
 47.604	 32.675	 11.700	  1.420
 47.836	 32.552	  8.600	  0.815
 47.505	 32.738	 12.000	  1.292
 47.925	 32.512	  3.000	  0.808
 47.532	 32.800	  7.400	  1.248
 47.971	 32.518	  8.600	  3.020
 47.854	 32.523	  7.600	  1.098
 47.838	 32.554	  8.500	  1.161
 47.409	 32.564	  9.900	  0.712
 47.871	 32.544	  9.900	  2.334
 47.816	 32.571	  9.600	  0.659
 47.839	 32.556	  9.200	  0.171
 47.872	 32.574	 13.100	  0.665
 47.833	 32.558	  9.100	  2.118
 47.557	 32.752	 10.000	  3.100
 47.956	 32.507	 10.100	  0.709
 47.582	 32.751	  0.900	  2.136
 47.863	 32.547	  1.200	  0.597
 47.751	 32.599	 11.900	  3.737
 47.753	 32.628	 10.200	  0.609
 47.468	 32.540	  9.500	  0.986
 47.826	 32.716	  7.700	  0.790
 47.578	 32.765	  8.300	  0.515
 47.670	 32.695	 11.300	  2.636
 47.823	 32.707	  8.700	  0.614
 47.465	 32.535	 10.100	  2.196
 47.465	 32.544	  9.900	  0.363
 47.579	 32.767	  9.200	  0.456
 47.469	 32.542	  9.700	  3.151
 47.680	 32.677	 11.600	  0.988
 47.734	 32.684	  9.900	  2.144
 47.628	 32.682	 10.600	  1.810
 47.837	 32.559	  9.400	  0.787
 47.671	 32.648	 12.300	  1.316
 47.962	 32.537	 13.700	  2.538
 47.787	 32.557	  8.600	  0.710
 47.836	 32.552	  9.500	  0.892
 47.834	 32.556	 10.800	  1.140
 47.536	 32.748	 10.400	  0.483
 47.878	 32.551	 10.300	  0.609
 47.862	 32.568	  1.100	  2.103
 47.841	 32.553	  9.100	  0.671
 47.781	 32.656	 10.500	  0.295
 47.808	 32.693	 11.600	  1.798
 47.836	 32.674	 11.900	  1.618
 47.767	 32.702	 11.000	  0.463
 47.584	 32.801	  8.600	  1.810
 47.578	 32.799	  8.900	  1.992
 47.560	 32.718	  8.100	  0.996
 47.764	 32.704	 10.900	  0.395
 47.764	 32.704	 11.700	  0.247
 47.598	 32.799	  9.900	  2.848
 47.615	 32.722	 11.000	  2.483
 47.934	 32.528	  2.900	  0.557
 47.812	 32.666	 11.700	  1.516
 47.837	 32.557	  8.200	  0.934
 47.813	 32.669	 12.000	  2.025
 47.792	 32.602	  9.800	  0.156
 47.605	 32.807	  9.300	  2.118
 47.625	 32.711	  9.800	  0.802
 47.522	 32.760	 10.000	  1.947
 47.524	 32.759	 10.000	  1.264
 47.586	 32.805	  8.800	  2.447
 47.581	 32.802	  8.200	  0.355
 47.581	 32.822	  7.400	  0.163
 47.820	 32.638	 10.000	  2.802
 47.676	 32.696	  8.400	  2.891
 47.465	 32.712	 14.300	  1.597
 47.643	 32.738	  8.600	  0.374
 47.792	 32.788	 11.400	  0.528
 47.636	 32.743	  8.800	  2.136
 47.771	 32.696	  9.200	  0.388
 47.824	 32.682	 12.300	  0.731
 47.784	 32.714	  6.500	  1.864
 47.496	 32.725	 11.700	  0.461
 47.792	 32.720	  7.000	  1.003
 47.801	 32.700	  8.800	  3.189
 47.762	 32.708	 12.000	  0.741
 47.793	 32.647	  9.700	  0.850
 47.615	 32.706	  9.400	  0.319
 47.764	 32.705	 11.100	  1.914
 47.601	 32.693	 11.200	  3.333
 47.449	 32.714	 14.000	  1.491
 47.465	 32.708	 14.000	  2.829
 47.747	 32.646	 12.200	  1.808
 47.537	 32.799	  6.500	  2.059
 47.490	 32.736	 10.000	  3.189
 47.700	 32.712	  9.600	  2.538
 47.641	 32.680	 11.400	  1.587
 47.597	 32.802	  9.100	  0.296
 47.722	 32.662	 11.200	  0.945
 47.618	 32.674	  9.000	  0.958
 47.655	 32.751	  9.100	  0.494
 47.576	 32.795	  6.400	  0.815
 47.492	 32.752	  7.900	  3.214
 47.461	 32.749	 11.200	  2.652
 47.801	 32.714	 11.800	  0.850
 47.781	 32.686	 10.200	  1.597
 47.836	 32.686	 12.300	  1.204
 47.611	 32.753	  9.200	  1.597
 47.477	 32.746	  8.500	  1.049
 47.573	 32.784	  7.800	  0.203
 47.662	 32.660	 11.300	  4.915
 47.422	 32.710	 13.700	  0.721
 47.694	 32.726	 10.100	  2.213
 47.753	 32.640	 11.800	  1.536
 47.592	 32.691	 10.700	  1.003
 47.543	 32.710	 12.900	  1.264
 47.597	 32.669	 12.300	  1.079
 47.672	 32.710	  9.400	  2.257
 47.748	 32.696	 11.100	  0.212
 47.646	 32.736	 10.000	  3.397
 47.821	 32.674	 12.100	  2.848
 47.477	 32.759	 10.800	  0.659
 47.823	 32.700	 11.500	  4.449
 47.521	 32.812	 10.400	  2.183
 47.768	 32.629	 11.100	  0.656
 47.740	 32.673	 12.000	  1.683
 47.581	 32.705	 15.100	  1.232
 47.515	 32.770	  9.900	  1.584
 47.784	 32.703	 10.200	  2.560
 47.744	 32.686	 11.000	  1.247
 47.586	 32.687	 10.600	  0.875
 47.489	 32.762	 11.900	  2.802
 47.761	 32.568	 13.000	  0.485
 47.464	 32.761	 10.200	  0.865
 47.712	 32.701	 14.500	  1.519
 47.744	 32.639	 12.300	  2.103
 47.660	 32.738	  9.600	  2.538
 47.734	 32.706	  3.400	  1.555
 47.525	 32.754	  2.500	  1.747
 47.805	 32.794	  9.900	  0.861
 47.505	 32.757	  9.100	  4.449
 47.582	 32.758	 12.500	  0.291
 47.609	 32.711	 11.300	  1.597
 47.823	 32.722	  9.300	  0.788
 47.532	 32.757	  9.100	  0.421
 47.497	 32.774	  9.200	  1.402
 47.533	 32.738	  9.400	  2.183
 47.752	 32.597	  8.900	  0.365
 47.602	 32.776	 10.900	  0.311
 47.801	 32.799	 10.200	  0.355
 47.510	 32.771	  9.200	  2.145
 47.466	 32.752	 11.500	  0.354
 47.603	 32.769	  9.100	  3.443
 47.541	 32.773	  8.200	  3.333
 47.732	 32.680	 10.700	  0.163
 47.612	 32.675	 10.800	  3.252
 47.532	 32.816	  8.900	  1.558
 47.807	 32.719	 12.000	  1.992
 47.760	 32.621	 10.700	  0.705
 47.502	 32.781	  4.900	  2.148
 47.542	 32.754	 10.300	  0.520
 47.545	 32.754	 10.300	  0.363
 47.766	 32.632	 12.000	  1.240
 47.527	 32.816	  9.100	  2.651
 47.536	 32.756	  8.200	  2.782
 47.585	 32.766	  6.800	  2.538
 47.576	 32.743	  9.500	  2.537
 47.593	 32.686	 10.300	  4.040
 47.759	 32.595	 11.700	  2.354
 47.643	 32.686	 10.900	  2.016
 47.695	 32.680	  9.000	  1.028
 47.518	 32.768	  9.600	  2.118
 47.607	 32.769	  8.200	  1.345
 47.815	 32.678	 11.800	  1.296
 47.801	 32.791	 10.400	  1.103
 47.641	 32.754	  9.000	  1.983
 47.808	 32.789	 10.700	  1.049
 47.605	 32.805	 10.100	  1.225
 47.797	 32.789	 10.300	  0.370
 47.808	 32.788	  9.400	  1.140
 47.683	 32.711	  8.900	  2.973
 47.751	 32.675	 10.700	  0.390
 47.565	 32.750	 12.000	  0.431
 47.529	 32.755	  8.300	  1.516
 47.568	 32.742	  9.000	  1.018
 47.498	 32.759	 11.800	  2.053
 47.730	 32.614	 10.100	  1.180
 47.628	 32.692	 10.100	  0.947
 47.776	 32.768	 14.300	  1.345
 47.485	 32.756	 10.700	  2.096
 47.495	 32.744	 11.400	  2.183
 47.743	 32.636	 11.100	  1.208
 47.684	 32.660	 11.900	  0.651
 47.734	 32.673	 11.200	  0.612
 47.583	 32.721	 10.300	  1.275
 47.748	 32.636	 11.700	  2.185
 47.590	 32.707	  9.700	  2.560
 47.714	 32.758	  9.500	  1.555
 47.494	 32.742	 11.600	  0.828
 47.583	 32.683	 15.400	  0.388
 47.481	 32.747	 11.500	  1.983
 47.734	 32.615	 11.600	  0.380
 47.440	 32.710	 13.200	  2.576
 47.713	 32.604	 10.900	  1.987
 47.737	 32.621	 12.800	  0.712
 47.576	 32.698	 10.000	  0.051
 47.692	 32.726	  9.500	  2.009
 47.489	 32.757	 11.600	  1.581
 47.734	 32.669	 10.400	  1.285
 47.545	 32.713	 10.100	  0.600
 47.783	 32.707	  9.600	  2.000
 47.765	 32.708	 11.300	  1.584
 47.522	 32.801	  9.800	  0.246
 47.722	 32.694	  9.100	  1.094
 47.515	 32.771	  6.500	  0.483
 47.645	 32.710	  9.500	  0.569
 47.638	 32.746	  8.000	  1.049
 47.648	 32.711	  8.800	  1.338
 47.476	 32.748	 10.400	  2.647
 47.595	 32.711	 10.600	  3.377
 47.482	 32.757	 11.300	  0.942
 47.611	 32.683	 12.100	  0.862
 47.711	 32.662	 12.600	  0.295
 47.360	 32.743	  9.900	  0.784
 47.792	 32.660	 11.700	  0.395
 47.610	 32.742	  8.100	  0.819
 47.680	 32.653	 10.700	  1.512
 47.497	 32.756	  9.700	  2.145
 47.574	 32.756	  2.400	  0.946
 47.767	 32.712	  7.700	  0.421
 47.576	 32.695	 13.700	  0.361
 47.574	 32.693	 13.000	  1.247
 47.598	 32.706	 10.100	  0.395
 47.631	 32.656	 12.200	  2.096
 47.769	 32.714	 10.200	  2.829
 47.540	 32.736	  9.700	  1.028
 47.736	 32.669	 11.900	  2.786
 47.764	 32.680	 10.400	  4.449
 47.773	 32.685	  9.700	  1.169
 47.499	 32.734	 11.800	  2.213
 47.546	 32.744	 11.600	  0.183
 47.489	 32.747	 10.400	  1.292
 47.551	 32.751	  9.000	  2.721
 47.553	 32.751	  9.200	  0.676
 47.579	 32.683	 11.700	  0.865
 47.712	 32.758	  9.500	  1.900
 47.622	 32.689	 10.000	  0.510
 47.492	 32.760	  9.000	  0.850
 47.802	 32.699	 10.000	  0.442
 47.489	 32.760	 11.300	  3.100
 47.549	 32.755	 10.000	  0.280
 47.569	 32.744	  9.100	  0.893
 47.526	 32.810	 10.000	  1.286
 47.825	 32.671	 11.700	  1.302
 47.518	 32.724	 12.100	  2.982
 47.734	 32.680	  9.900	  0.295
 47.506	 32.723	 10.000	  0.546
 47.734	 32.665	 10.200	  0.484
 47.604	 32.708	 10.600	  1.521
 47.570	 32.685	 10.900	  2.074
 47.572	 32.719	 10.500	  0.671
 47.592	 32.710	  9.800	  1.519
 47.586	 32.715	  8.900	  1.053
 47.393	 32.711	 14.400	  1.420
 47.501	 32.811	  8.700	  2.080
 47.579	 32.805	  7.400	  1.161
 47.587	 32.715	 10.700	  0.565
 47.678	 32.685	  9.300	  2.185
 47.696	 32.724	  9.600	  1.397
 47.693	 32.724	  9.900	  4.915
 47.676	 32.671	 10.000	  2.652
 47.799	 32.781	  9.400	  0.365
 47.558	 32.783	 10.200	  0.435
 47.743	 32.689	 10.400	  0.704
 47.638	 32.686	  9.900	  0.355
 47.757	 32.649	 10.800	  0.478
 47.762	 32.718	  9.400	  2.000
 47.620	 32.693	 10.500	  2.334
 47.619	 32.681	 11.600	  1.415
 47.571	 32.747	  7.900	  1.787
 47.584	 32.702	 10.400	  0.569
 47.515	 32.727	 11.700	  1.338
 47.521	 32.729	 10.800	  1.057
 47.716	 32.644	 12.100	  0.739
 47.586	 32.714	 11.000	  0.546
 47.616	 32.708	  8.400	  2.779
 47.579	 32.681	  9.800	  2.451
 47.739	 32.662	 11.800	  1.521
 47.629	 32.713	  9.600	  0.212
 47.690	 32.724	  9.900	  0.231
 47.703	 32.674	 11.000	  1.296
 47.673	 32.689	 10.200	  0.129
 47.765	 32.708	 11.000	  1.296
 47.779	 32.692	  9.600	  1.295
 47.746	 32.645	 11.200	  0.413
 47.675	 32.710	  9.000	  2.183
 47.775	 32.670	  8.900	  0.361
 47.546	 32.757	  9.300	  0.515
 47.630	 32.727	  9.200	  2.144
 47.472	 32.718	 14.400	  0.380
 47.493	 32.745	 14.200	  0.129
 47.698	 32.629	 15.000	  1.110
 47.642	 32.772	 11.600	  0.442
 47.806	 32.715	 11.300	  0.955
 47.475	 32.712	 15.200	  0.780
 47.647	 32.738	  9.000	  0.554
 47.817	 32.686	 12.400	  1.270
 47.653	 32.682	 10.900	  1.110
 47.736	 32.684	  7.300	  0.528
 47.667	 32.740	  9.000	  0.765
 47.453	 32.710	 14.500	  1.768
 47.631	 32.659	 13.200	  2.560
 47.634	 32.660	 12.500	  0.166
 47.754	 32.681	 10.600	  2.354
 47.509	 32.747	  9.300	  0.928
 47.615	 32.741	  8.900	  3.377
 47.601	 32.784	  7.800	  0.785
 47.680	 32.703	  9.800	  0.442
 47.611	 32.762	  8.900	  0.461
 47.515	 32.729	 10.900	  3.333
 47.540	 32.716	 11.500	  1.616
 47.521	 32.762	  8.800	  0.987
 47.542	 32.710	 11.700	  0.166
 47.552	 32.803	  8.500	  1.270
 47.690	 32.727	  9.700	  0.395
 47.807	 32.719	 12.300	  0.947
 47.627	 32.781	 11.100	  2.880
 47.767	 32.696	  9.400	  0.785
 47.615	 32.732	  9.900	  1.698
 47.537	 32.808	 12.100	  0.258
 47.753	 32.766	 13.700	  0.291
 47.344	 32.746	 10.400	  1.111
 47.746	 32.684	 11.100	  1.076
 47.542	 32.744	 11.000	  0.296
 47.510	 32.858	  9.900	  0.431
 47.507	 32.718	 13.200	  1.914
 47.474	 32.721	 14.400	  0.502
 47.478	 32.720	 15.200	  0.815
 47.478	 32.725	 14.900	  0.720
 47.594	 32.805	  9.800	  1.324
 47.757	 32.698	  9.900	  1.962
 47.792	 32.701	  9.800	  1.485
 47.608	 32.756	  9.600	  0.380
 47.752	 32.664	 11.800	  2.935
 47.506	 32.754	 10.900	  3.308
 47.511	 32.853	  8.300	  2.829
 47.576	 32.757	  9.200	  1.275
 47.595	 32.769	  6.800	  0.671
 47.659	 32.755	  9.000	  2.651
 47.558	 32.738	 10.200	  2.891
 47.510	 32.782	 12.000	  0.597
 47.413	 32.706	 13.900	  1.900
 47.501	 32.749	 12.400	  3.534
 47.775	 32.701	  9.400	  0.597
 47.525	 32.729	 11.900	  2.891
 47.518	 32.778	  8.800	  1.484
 47.718	 32.667	 10.800	  1.426
 47.572	 32.675	  4.900	  1.798
 47.732	 32.689	  9.600	  0.421
 47.711	 32.620	 13.000	  1.302
 47.519	 32.775	 11.600	  3.506
 47.594	 32.689	 10.800	  0.806
 47.593	 32.689	 10.200	  0.585
 47.599	 32.691	 11.200	  1.235
 47.521	 32.726	 12.100	  1.240
 47.849	 32.627	  7.400	  0.250
 47.468	 32.709	 14.100	  1.618
 47.468	 32.711	 14.500	  1.921
 47.628	 32.717	  8.200	  1.536
 47.807	 32.714	  9.400	  0.319
 47.682	 32.784	 13.700	  0.430
 47.620	 32.745	  9.800	  0.483
 47.524	 32.726	 14.200	  0.370
 47.642	 32.755	  9.000	  3.020
 47.708	 32.628	 12.600	  3.333
 47.581	 32.812	  8.600	  2.786
 47.542	 32.806	 12.400	  0.848
 47.642	 32.713	 12.800	  0.710
 47.595	 32.794	  9.900	  0.986
 47.723	 32.646	 11.500	  0.079
 47.823	 32.645	 10.600	  3.029
 47.676	 32.701	  9.800	  2.647
 47.476	 32.754	 11.700	  1.808
 47.588	 32.807	  7.400	  1.426
 47.330	 32.744	 10.500	  1.558
 47.791	 32.682	  8.800	  0.231
 47.650	 32.755	  9.400	  0.546
 47.685	 32.734	  9.900	  1.053
 47.737	 32.613	 12.100	  1.787
 47.794	 32.732	 10.600	  1.616
 47.416	 32.706	 13.500	  0.739
 47.539	 32.712	 13.000	  0.435
 47.563	 32.777	  9.300	  1.225
 47.808	 32.720	  9.400	  0.674
 47.526	 32.753	 10.500	  0.720
 47.601	 32.802	  8.700	  2.004
 47.750	 32.638	  3.900	  3.737
 47.596	 32.809	  7.700	  1.239
 47.731	 32.691	  9.200	  5.500
 47.615	 32.716	  9.600	  2.537
 47.599	 32.681	 10.000	  1.597
 47.672	 32.731	  9.500	  4.915
 47.682	 32.703	 10.900	  2.651
 47.775	 32.564	 14.300	  1.536
 47.811	 32.685	 11.100	  0.710
 47.262	 32.749	 13.200	  1.239
 47.538	 32.718	 11.400	  2.891
 47.641	 32.753	  9.100	  0.922
 47.532	 32.776	  8.600	  2.654
 47.491	 32.755	  8.600	  1.302
 47.259	 32.751	 13.300	  1.302
 47.257	 32.754	 12.500	  1.974
 47.570	 32.795	  1.600	  0.945
 47.493	 32.757	  9.500	  0.569
 47.768	 32.700	 11.300	  4.125
 47.709	 32.656	 10.500	  0.430
 47.729	 32.668	 10.800	  2.904
 47.770	 32.699	 10.400	  1.944
 47.506	 32.751	 11.200	  1.328
 47.751	 32.665	 11.300	  1.268
 47.624	 32.692	 10.600	  2.059
 47.640	 32.758	  8.500	  3.189
 47.490	 32.762	 11.700	  0.546
 47.494	 32.760	  9.500	  0.739
 47.524	 32.761	  8.600	  1.705
 47.536	 32.728	 10.600	  0.565
 47.651	 32.762	  8.800	  1.180
 47.493	 32.756	 12.300	  1.011
 47.523	 32.769	 10.100	  1.705
 47.526	 32.778	  9.800	  2.973
 47.730	 32.640	 11.400	  1.953
 47.493	 32.774	  9.000	  1.247
 47.521	 32.748	 10.800	  1.914
 47.806	 32.685	  9.300	  0.625
 47.758	 32.587	 10.800	  3.397
 47.715	 32.645	 11.500	  2.334
 47.489	 32.756	 12.100	  1.038
 47.566	 32.754	  8.700	  3.214
 47.805	 32.795	 10.500	  0.651
 47.588	 32.719	  9.500	  0.709
 47.822	 32.685	 11.900	  2.213
 47.594	 32.778	  7.900	  0.578
 47.771	 32.621	  8.300	  0.475
 47.778	 32.648	  9.700	  1.570
 47.677	 32.820	  8.000	  0.494
 47.510	 32.806	  8.300	  2.025
 47.579	 32.682	 11.700	  1.264
 47.580	 32.774	  7.400	  0.140
 47.537	 32.800	 11.700	  1.588
 47.715	 32.717	 10.000	  0.502
 47.721	 32.681	 10.500	  2.782
 47.668	 32.691	  9.300	  0.946
 47.635	 32.704	  9.200	  0.865
 47.591	 32.685	 11.000	  0.280
 47.701	 32.701	  8.700	  0.605
 47.450	 32.754	 12.100	  0.795
 47.642	 32.757	  8.700	  0.870
 47.501	 32.752	  8.900	  0.472
 47.586	 32.702	 11.900	  3.443
 47.546	 32.746	 11.100	  0.659
 47.754	 32.709	 11.500	  0.202
 47.555	 32.793	  6.000	  0.395
 47.722	 32.669	 10.900	  0.712
 47.518	 32.762	 13.500	  1.940
 47.797	 32.790	  9.600	  0.395
 47.422	 32.759	  8.400	  1.987
 47.757	 32.708	 11.100	  0.311
 47.752	 32.704	 11.400	  1.038
 47.557	 32.768	  7.200	  1.921
 47.675	 32.673	 10.600	  0.838
 47.760	 32.713	 11.600	  0.510
 47.575	 32.704	 11.800	  0.870
 47.696	 32.741	  9.600	  0.874
 47.432	 32.731	 10.500	  2.636
 47.571	 32.707	  6.000	  1.235
 47.557	 32.755	  9.000	  2.354
 47.582	 32.788	  6.200	  1.079
 47.784	 32.779	 12.900	  1.028
 47.726	 32.659	 10.600	  2.462
 47.655	 32.727	 14.900	  1.558
 47.489	 32.730	 12.600	  0.712
 47.450	 32.713	 16.500	  0.785
 47.470	 32.747	 11.300	  0.129
 47.673	 32.695	  9.100	  3.100
 47.653	 32.645	 14.000	  1.201
 47.498	 32.798	  8.600	  1.914
 47.730	 32.634	 10.000	  0.569
 47.526	 32.759	  6.800	  2.004
 47.546	 32.718	 12.300	  0.500
 47.528	 32.720	 13.100	  2.779
 47.527	 32.722	 12.000	  2.660
 47.397	 32.754	 13.100	  0.051
 47.624	 32.656	  9.900	  2.660
 47.786	 32.721	 11.100	  1.810
 47.669	 32.660	 10.800	  1.798
 47.816	 32.672	 12.000	  1.683
 47.532	 32.749	  9.400	  0.958
 47.542	 32.754	  8.700	  0.390
 47.689	 32.715	  9.600	  0.475
 47.585	 32.689	 11.800	  1.328
 47.794	 32.716	  9.100	  0.874
 47.850	 32.670	  6.300	  1.521
 47.601	 32.803	  8.300	  0.557
 47.812	 32.680	  9.500	  0.500
 47.735	 32.757	  9.000	  0.614
 47.587	 32.713	  9.900	  1.416
 47.613	 32.699	 11.600	  1.426
 47.628	 32.661	 11.500	  0.892
 47.630	 32.702	 11.100	  0.539
 47.658	 32.692	 11.200	  0.938
 47.568	 32.704	 10.400	  1.953
 47.448	 32.747	 11.000	  2.560
