NOSH	51.7680	36.5860	-4.31	10.44	1.93	1.75	112.4	11.3
ABAL	51.9860	35.7930	-1.25	10.31	0.52	0.51	96.9	10.4
ABAP	51.9870	35.7930	-1.92	9.93	0.58	0.58	100.9	10.1
AMIN	52.5860	35.7010	-2.09	8.56	0.47	0.46	103.7	8.8
BLDH	51.8290	36.2080	-2.11	9.71	0.49	0.31	102.3	9.9
BOND	50.7320	36.6230	-1.62	11.18	0.74	0.76	98.2	11.3
GARM	51.6460	35.9850	-2.27	10.75	0.20	0.36	101.9	11.0
HELI	52.3050	36.2060	-2.66	10.03	0.58	0.56	104.9	10.4
KAHO	53.7390	36.2360	-4.46	5.93	0.71	0.72	126.9	7.4
LARZ	52.8110	36.0780	-2.66	8.23	0.68	0.69	107.9	8.6
MEHR	52.1570	35.8680	-1.87	8.87	0.52	0.52	101.9	9.1
MF02	51.7970	35.8010	-1.12	10.35	0.33	0.33	96.2	10.4
MF07	52.0080	35.8970	-0.57	8.72	0.33	0.34	93.7	8.7
MF09	51.8330	36.2050	-2.24	10.22	0.36	0.36	102.4	10.5
MF10	51.3040	36.3940	-2.72	11.42	0.46	0.47	103.4	11.7
MF12	51.3150	36.1500	-1.32	11.97	0.54	0.54	96.3	12.0
MF15	51.6130	35.9880	-2.55	11.60	0.33	0.33	102.4	11.9
PLOR	52.0640	35.8500	-2.47	9.47	0.23	0.29	104.6	9.8
POOL	51.5740	36.4030	-2.51	9.46	0.39	0.33	104.9	9.8
SHA1	53.4920	36.6790	-4.80	8.30	0.74	0.76	120.0	9.6
TN07	51.9940	35.7630	-1.91	9.69	0.47	0.48	101.2	9.9
MAHM	52.2850	36.5880	-4.04	7.14	0.29	0.26	119.5	8.2
NKAD	51.3100	36.6850	-3.92	8.72	0.66	0.49	114.2	9.6
TKBN	50.9300	36.7860	-3.40	10.01	0.24	0.26	108.8	10.6
KSHA	51.2550	34.1500	-2.84	13.04	0.40	0.38	102.3	13.3
TFSH	50.0520	34.6760	-1.71	12.32	0.24	0.24	97.9	12.4
ABSD	52.0910	35.6610	-2.08	8.30	0.14	0.19	104.1	8.6
AKHT	50.6010	35.5880	-1.86	11.64	0.24	0.18	99.1	11.8
ARNG	51.0750	35.9280	-1.78	10.95	0.23	0.21	99.2	11.1
BASH	53.0250	35.7050	0.19	10.32	0.76	0.78	88.9	10.3
BOOM	51.8120	35.7300	-1.78	10.57	0.36	0.34	99.6	10.7
CHSH	50.9880	35.0880	-1.87	11.08	0.43	0.43	99.6	11.2
CHSM	50.9890	35.0880	-1.61	12.07	0.18	0.16	97.6	12.2
DAMA	52.0590	35.7010	-1.78	9.61	0.38	0.38	100.5	9.8
FOIM	51.1660	35.4090	-1.68	13.16	0.73	0.74	97.3	13.3
FOPM	50.8400	35.7650	-1.75	11.69	0.37	0.20	98.5	11.8
GTCL	51.4100	35.8820	-2.52	11.10	0.55	0.55	102.8	11.4
HSGD	50.7470	36.0070	-2.14	11.34	0.18	0.21	100.7	11.5
MF01	51.9550	35.6830	-1.46	9.94	0.42	0.42	98.4	10.0
MF03	51.8850	35.6490	-1.56	10.85	0.32	0.32	98.2	11.0
MF04	52.1170	35.2580	-2.05	11.62	0.36	0.36	100.0	11.8
MF05	51.2770	35.4930	-0.82	12.12	0.44	0.43	93.9	12.1
MF06	50.5430	35.2270	-1.20	12.03	0.43	0.43	95.7	12.1
MF13	50.6320	36.0090	-1.30	11.45	0.44	0.44	96.5	11.5
MF16	51.6650	35.7240	-1.33	11.87	0.33	0.33	96.4	11.9
MF17	51.1080	35.7530	-1.60	10.81	0.32	0.33	98.4	10.9
MOBA	51.8080	34.9770	-0.00	10.66	0.77	0.76	90.0	10.7
MOBK	51.7950	35.0530	-1.06	12.21	0.22	0.26	95.0	12.3
NEYA	50.0450	36.4010	-2.45	11.28	0.76	0.80	102.3	11.5
PISH	51.8850	35.2240	-0.87	10.93	0.52	0.51	94.6	11.0
PLZI	51.9710	35.6300	-0.71	9.60	0.25	0.31	94.2	9.6
RTCL	51.7110	35.5740	-1.36	10.85	0.30	0.19	97.1	10.9
SEMN	53.5640	35.6620	-0.14	8.95	0.42	0.40	90.9	9.0
SHOR	51.8840	35.2770	-0.91	13.23	0.17	0.16	93.9	13.3
SMNN	53.4210	35.5880	0.74	9.61	0.30	0.28	85.6	9.6
TANG	52.0430	35.4920	-0.98	9.94	0.36	0.36	95.6	10.0
TEHN	51.3340	35.6970	-1.23	10.86	0.31	0.30	96.5	10.9
TEHR	51.3860	35.7470	-0.81	12.87	0.79	0.75	93.6	12.9
TF01	51.2570	35.8120	-1.77	12.82	0.42	0.42	97.9	12.9
TF09	51.4250	35.8330	-1.42	12.50	0.50	0.50	96.5	12.6
TF16	51.5220	35.7740	-1.86	12.30	0.41	0.41	98.6	12.4
TF20	51.5680	35.8080	-3.36	11.38	0.51	0.52	106.4	11.9
TLGN	50.7450	36.1440	-2.93	11.76	0.48	0.37	104.0	12.1
TN01	51.0000	35.4930	-1.18	13.12	0.70	0.70	95.1	13.2
TN02	51.1700	35.2030	-0.80	12.90	0.45	0.46	93.5	12.9
TN03	51.3790	35.3660	-0.91	12.77	0.48	0.49	94.1	12.8
TN04	51.4090	35.4950	-1.42	13.23	0.46	0.47	96.1	13.3
TN05	51.5150	35.6330	-0.46	11.35	0.49	0.50	92.3	11.4
TN06	51.7240	35.5500	-0.60	11.25	0.40	0.40	93.1	11.3
VRMN	51.6320	35.3440	-0.90	12.66	0.25	0.63	94.1	12.7
