lon	lat	s-max		s-max-t	s-min		s-min-t	shear		shear-t
57.645	24.056	2.44E-08	121.27	-1.61E-07	31.27	1.85E-07	346.27
58.620	24.010	9.70E-09	106.43	-7.48E-08	16.43	8.45E-08	331.43
59.594	23.959	9.56E-09	105.99	-7.48E-08	15.99	8.43E-08	330.99
57.692	24.953	2.81E-08	125.09	-1.31E-07	35.09	1.59E-07	350.09
58.675	24.905	1.06E-08	108.58	-7.15E-08	18.58	8.21E-08	333.58
59.655	24.852	9.71E-09	106.65	-7.35E-08	16.65	8.32E-08	331.65
60.632	24.791	7.50E-09	109.2	-6.88E-08	19.2	7.63E-08	334.2
50.766	26.007	-5.01E-09	35.51	-3.05E-08	125.51	2.55E-08	80.51
51.765	26.005	2.80E-09	336.63	-7.98E-09	66.63	1.08E-08	21.63
52.764	25.996	1.48E-08	132.07	-1.73E-08	42.07	3.21E-08	357.07
53.762	25.981	8.01E-09	108.85	-3.47E-08	18.85	4.27E-08	333.85
54.760	25.958	1.05E-08	91.62	-3.27E-08	1.62	4.32E-08	316.62
55.756	25.929	-7.37E-10	117.34	-4.44E-08	27.34	4.36E-08	342.34
56.750	25.893	2.58E-08	320.34	-5.02E-08	50.34	7.60E-08	5.34
57.742	25.850	4.86E-08	319.4	-6.51E-08	49.4	1.14E-07	4.4
58.732	25.800	2.75E-08	318.02	-1.60E-08	48.02	4.35E-08	3.02
59.719	25.744	8.75E-09	110.35	-2.47E-08	20.35	3.35E-08	335.35
60.703	25.681	6.27E-09	111.76	-2.63E-08	21.76	3.26E-08	336.76
50.764	26.910	-6.14E-09	43.68	-2.15E-08	133.68	1.54E-08	88.68
51.771	26.908	-1.11E-08	4.39	-1.44E-08	94.39	3.24E-09	49.39
52.778	26.899	7.70E-09	119.05	-4.93E-08	29.05	5.70E-08	344.05
53.784	26.883	1.05E-08	110.46	-4.13E-08	20.46	5.18E-08	335.46
54.789	26.859	1.31E-08	96.04	-4.36E-08	6.04	5.67E-08	321.04
55.793	26.829	-2.95E-09	107.4	-4.76E-08	17.4	4.46E-08	332.4
56.795	26.791	2.09E-09	125.44	-5.09E-08	35.44	5.30E-08	350.44
57.794	26.747	3.40E-08	129.2	-5.31E-08	39.2	8.71E-08	354.2
58.792	26.695	3.20E-08	124.84	-2.49E-08	34.84	5.69E-08	349.84
59.786	26.637	1.50E-08	110.56	-2.67E-08	20.56	4.17E-08	335.56
60.777	26.571	1.35E-08	109.36	-2.74E-08	19.36	4.08E-08	334.36
50.762	27.813	4.75E-10	324.1	-2.06E-08	54.1	2.11E-08	9.1
51.777	27.811	-8.82E-09	131.94	-4.31E-08	41.94	3.42E-08	356.94
52.792	27.801	1.57E-09	119.38	-4.65E-08	29.38	4.81E-08	344.38
53.807	27.784	9.57E-09	109.69	-3.53E-08	19.69	4.49E-08	334.69
54.820	27.760	1.66E-08	95.09	-3.69E-08	5.09	5.35E-08	320.09
55.832	27.728	2.60E-09	94.87	-4.38E-08	4.87	4.64E-08	319.87
56.842	27.689	-5.94E-09	101.3	-3.78E-08	11.3	3.18E-08	326.3
57.849	27.643	1.52E-08	113.06	-2.60E-08	23.06	4.12E-08	338.06
58.854	27.589	2.01E-08	116.03	-2.02E-08	26.03	4.03E-08	341.03
59.856	27.529	1.80E-08	115.18	-2.01E-08	25.18	3.81E-08	340.18
60.855	27.461	1.70E-08	115.72	-3.67E-08	25.72	5.37E-08	340.72
50.760	28.715	5.66E-09	133.35	-4.00E-08	43.35	4.56E-08	358.35
51.784	28.713	2.70E-10	127.65	-3.51E-08	37.65	3.54E-08	352.65
52.807	28.703	-1.31E-09	117.3	-2.86E-08	27.3	2.73E-08	342.3
53.830	28.686	3.89E-09	102.97	-1.79E-08	12.97	2.17E-08	327.97
54.852	28.661	1.97E-08	92.03	-1.65E-08	2.03	3.62E-08	317.03
55.872	28.628	1.59E-08	95.65	-1.86E-08	5.65	3.45E-08	320.65
56.891	28.587	8.87E-09	108.35	-1.89E-08	18.35	2.78E-08	333.35
57.907	28.539	2.16E-08	113.14	-1.89E-08	23.14	4.05E-08	338.14
58.920	28.484	2.37E-08	118.06	-2.28E-08	28.06	4.65E-08	343.06
59.930	28.421	1.86E-08	120.5	-2.94E-08	30.5	4.80E-08	345.5
60.937	28.350	2.05E-08	318.9	-1.87E-08	48.9	3.92E-08	3.9
48.693	29.598	5.35E-09	345.01	-1.26E-08	75.01	1.79E-08	30.01
49.725	29.612	4.65E-09	126.18	-1.80E-08	36.18	2.27E-08	351.18
50.758	29.618	1.06E-08	122.53	-3.49E-08	32.53	4.55E-08	347.53
51.791	29.616	7.05E-09	116.48	-2.88E-08	26.48	3.59E-08	341.48
52.823	29.606	2.76E-10	99.4	-1.68E-08	9.4	1.71E-08	324.4
53.855	29.587	3.44E-09	71.51	-9.14E-09	341.51	1.26E-08	296.51
54.886	29.561	1.56E-08	73.68	-5.16E-09	343.68	2.08E-08	298.68
55.915	29.527	1.23E-08	100.86	-4.42E-09	10.86	1.67E-08	325.86
56.942	29.485	2.17E-08	126.53	-1.15E-08	36.53	3.32E-08	351.53
57.967	29.435	2.86E-08	125.1	-2.54E-08	35.1	5.40E-08	350.1
58.989	29.378	3.20E-08	125.58	-3.44E-08	35.58	6.63E-08	350.58
60.007	29.312	2.31E-08	134.99	-2.18E-08	44.99	4.49E-08	359.99
61.023	29.239	2.07E-08	319.98	-1.66E-08	49.98	3.73E-08	4.98
48.672	30.500	2.91E-09	342.5	-1.05E-08	72.5	1.34E-08	27.5
49.714	30.514	6.52E-09	125.77	-1.59E-08	35.77	2.25E-08	350.77
50.756	30.520	1.19E-08	122.66	-3.06E-08	32.66	4.25E-08	347.66
51.798	30.518	1.29E-08	115.85	-1.82E-08	25.85	3.11E-08	340.85
52.840	30.508	4.27E-09	100.95	-5.55E-09	10.95	9.82E-09	325.95
53.881	30.489	5.48E-09	73.23	-3.44E-09	343.23	8.92E-09	298.23
54.921	30.462	8.02E-09	83.94	-8.69E-09	353.94	1.67E-08	308.94
55.959	30.426	6.10E-09	89.3	-1.35E-08	359.3	1.96E-08	314.3
56.996	30.383	1.28E-08	113.3	-2.01E-08	23.3	3.29E-08	338.3
58.030	30.331	2.30E-08	121.62	-2.91E-08	31.62	5.21E-08	346.62
59.060	30.271	2.47E-08	123.39	-1.82E-08	33.39	4.29E-08	348.39
60.088	30.203	1.38E-08	131.63	-1.84E-08	41.63	3.21E-08	356.63
61.112	30.128	1.07E-08	128.01	-2.06E-08	38.01	3.13E-08	353.01
48.650	31.401	-5.45E-09	113.79	-1.38E-08	23.79	8.32E-09	338.79
49.701	31.416	8.68E-09	122.69	-2.57E-08	32.69	3.44E-08	347.69
50.753	31.423	1.21E-08	124.2	-2.97E-08	34.2	4.18E-08	349.2
51.806	31.420	1.45E-08	115.85	-1.04E-08	25.85	2.50E-08	340.85
52.857	31.410	8.96E-09	115.02	4.47E-10	25.02	8.51E-09	340.02
53.908	31.390	5.09E-09	111.89	-1.06E-09	21.89	6.15E-09	336.89
54.958	31.362	7.68E-09	103.63	-7.94E-09	13.63	1.56E-08	328.63
56.006	31.325	8.97E-09	93.86	-1.54E-08	3.86	2.43E-08	318.86
57.052	31.280	7.37E-09	104.6	-1.95E-08	14.6	2.69E-08	329.6
58.095	31.226	8.70E-09	119.95	-1.66E-08	29.95	2.53E-08	344.95
59.136	31.164	1.15E-08	125.79	-1.45E-08	35.79	2.60E-08	350.79
60.173	31.094	1.02E-08	130.44	-1.94E-08	40.44	2.97E-08	355.44
61.206	31.016	6.72E-09	120.33	-3.79E-08	30.33	4.47E-08	345.33
47.566	32.278	-9.49E-09	109.78	-1.20E-08	19.78	2.47E-09	334.78
48.627	32.303	-2.48E-09	103.51	-2.11E-08	13.51	1.86E-08	328.51
49.689	32.318	2.21E-09	110.5	-2.70E-08	20.5	2.92E-08	335.5
50.751	32.325	6.82E-09	114.03	-2.16E-08	24.03	2.84E-08	339.03
51.813	32.322	8.89E-09	103.22	-5.77E-09	13.22	1.47E-08	328.22
52.876	32.311	9.81E-09	116.71	1.26E-10	26.71	9.69E-09	341.71
53.937	32.291	9.81E-09	120.64	-1.07E-09	30.64	1.09E-08	345.64
54.997	32.262	8.85E-09	108.39	-6.83E-09	18.39	1.57E-08	333.39
56.055	32.224	7.27E-09	115.26	-1.25E-08	25.26	1.97E-08	340.26
57.111	32.177	1.13E-08	117.16	-1.51E-08	27.16	2.63E-08	342.16
58.164	32.122	1.37E-08	122.62	-1.35E-08	32.62	2.71E-08	347.62
59.214	32.057	1.17E-08	126.04	-1.23E-08	36.04	2.40E-08	351.04
60.261	31.985	1.30E-08	130.34	-1.76E-08	40.34	3.06E-08	355.34
61.303	31.904	8.49E-09	132.47	-1.56E-08	42.47	2.41E-08	357.47
46.462	33.144	7.61E-09	127.53	-9.15E-09	37.53	1.68E-08	352.53
47.532	33.179	7.87E-10	108.51	-1.30E-08	18.51	1.38E-08	333.51
48.603	33.204	1.25E-09	105.3	-1.73E-08	15.3	1.85E-08	330.3
49.675	33.220	4.05E-09	106.18	-1.72E-08	16.18	2.12E-08	331.18
50.748	33.227	-2.94E-10	112.89	-9.34E-09	22.89	9.05E-09	337.89
51.822	33.224	4.69E-09	90.69	-6.37E-09	0.69	1.11E-08	315.69
52.895	33.213	7.87E-09	86.66	-7.29E-09	356.66	1.52E-08	311.66
53.967	33.192	7.82E-09	88.98	-7.34E-09	358.98	1.52E-08	313.98
55.037	33.162	6.49E-10	122.3	-7.34E-09	32.3	7.99E-09	347.3
56.106	33.122	7.41E-11	317.45	-1.71E-08	47.45	1.72E-08	2.45
57.172	33.074	8.28E-09	120.09	-1.13E-08	30.09	1.96E-08	345.09
58.236	33.017	1.39E-08	121.61	-1.31E-08	31.61	2.69E-08	346.61
59.296	32.950	1.53E-08	120.07	-1.97E-08	30.07	3.50E-08	345.07
60.353	32.875	1.51E-08	121.76	-2.66E-08	31.76	4.17E-08	346.76
61.406	32.791	1.30E-08	129.13	-3.49E-08	39.13	4.79E-08	354.13
46.414	34.044	7.82E-09	109.69	-1.19E-08	19.69	1.97E-08	334.69
47.495	34.079	3.80E-09	106.08	-1.29E-08	16.08	1.67E-08	331.08
48.578	34.105	4.55E-09	105.84	-1.06E-08	15.84	1.52E-08	330.84
49.661	34.122	8.07E-09	107.3	-7.31E-09	17.3	1.54E-08	332.3
50.746	34.129	2.09E-09	96.64	-5.89E-09	6.64	7.98E-09	321.64
51.830	34.126	5.06E-09	107.27	-8.18E-09	17.27	1.32E-08	332.27
52.914	34.114	8.04E-09	102.28	-1.40E-08	12.28	2.20E-08	327.28
53.998	34.093	8.94E-09	94.88	-1.48E-08	4.88	2.37E-08	319.88
55.079	34.061	-1.01E-09	129.41	-1.69E-08	39.41	1.58E-08	354.41
56.159	34.021	-9.01E-10	335.3	-1.19E-08	65.3	1.10E-08	20.3
57.237	33.971	3.49E-09	112.17	-9.87E-09	22.17	1.34E-08	337.17
58.311	33.911	1.03E-08	118.08	-1.56E-08	28.08	2.59E-08	343.08
59.382	33.843	1.44E-08	120.32	-2.48E-08	30.32	3.92E-08	345.32
60.450	33.765	1.56E-08	120.12	-2.74E-08	30.12	4.30E-08	345.12
61.513	33.678	1.47E-08	123.86	-2.77E-08	33.86	4.24E-08	348.86
46.365	34.942	6.85E-09	103.79	-7.29E-09	13.79	1.41E-08	328.79
47.457	34.979	1.40E-09	95.85	-9.18E-09	5.85	1.06E-08	320.85
48.551	35.006	3.24E-09	88.76	-1.21E-08	358.76	1.53E-08	313.76
49.647	35.023	5.40E-09	97.7	-1.02E-08	7.7	1.56E-08	322.7
50.743	35.031	6.50E-09	112.99	-1.06E-08	22.99	1.71E-08	337.99
51.839	35.028	9.97E-09	119.85	-1.90E-08	29.85	2.90E-08	344.85
52.935	35.016	1.31E-08	114.32	-2.36E-08	24.32	3.67E-08	339.32
54.030	34.993	9.88E-09	110.44	-2.18E-08	20.44	3.17E-08	335.44
55.123	34.961	7.41E-09	91.19	-8.62E-09	1.19	1.60E-08	316.19
56.215	34.919	-2.00E-11	127.9	-1.07E-08	37.9	1.07E-08	352.9
57.304	34.867	1.15E-09	114.7	-1.38E-08	24.7	1.49E-08	339.7
58.390	34.806	6.40E-09	117.13	-2.07E-08	27.13	2.71E-08	342.13
59.472	34.735	1.01E-08	119.83	-1.96E-08	29.83	2.96E-08	344.83
60.550	34.654	1.02E-08	123.87	-1.12E-08	33.87	2.14E-08	348.87
61.624	34.565	4.53E-09	112.59	-4.71E-10	22.59	5.00E-09	337.59
46.313	35.841	1.66E-08	89.87	-6.68E-09	359.87	2.33E-08	314.87
47.418	35.879	1.29E-08	93.69	-7.38E-09	3.69	2.03E-08	318.69
48.524	35.907	-5.40E-10	84.68	-6.90E-09	354.68	6.36E-09	309.68
49.632	35.925	-6.05E-11	102.56	-6.28E-09	12.56	6.22E-09	327.56
50.740	35.932	5.82E-09	120.74	-1.76E-08	30.74	2.34E-08	345.74
51.849	35.930	1.16E-08	123.49	-2.61E-08	33.49	3.76E-08	348.49
52.957	35.917	1.51E-08	121.35	-2.65E-08	31.35	4.17E-08	346.35
54.064	35.894	2.03E-08	113.8	-2.70E-08	23.8	4.74E-08	338.8
55.170	35.860	1.86E-08	105.18	-1.73E-08	15.18	3.59E-08	330.18
56.273	35.817	8.26E-09	121.11	-1.75E-08	31.11	2.57E-08	346.11
57.374	35.763	3.28E-09	118.96	-1.55E-08	28.96	1.88E-08	343.96
58.472	35.700	4.02E-09	119.7	-1.64E-08	29.7	2.04E-08	344.7
59.566	35.626	5.79E-09	116.5	-1.32E-08	26.5	1.90E-08	341.5
60.656	35.543	2.80E-09	128.69	-1.04E-08	38.69	1.32E-08	353.69
61.741	35.451	-5.90E-10	131.32	-1.16E-08	41.32	1.10E-08	356.32
46.259	36.740	1.82E-08	71.59	-1.47E-08	341.59	3.29E-08	296.59
47.376	36.779	1.83E-08	74.95	-5.64E-09	344.95	2.40E-08	299.95
48.495	36.808	8.39E-09	40.07	-4.86E-09	130.07	1.33E-08	85.07
49.616	36.826	7.73E-09	15.73	-6.19E-09	105.73	1.39E-08	60.73
50.737	36.834	3.21E-09	133.37	-2.05E-08	43.37	2.37E-08	358.37
51.859	36.831	9.26E-09	127.26	-2.92E-08	37.26	3.85E-08	352.26
52.980	36.818	1.41E-08	124.77	-2.46E-08	34.77	3.87E-08	349.77
54.099	36.794	1.93E-08	108.83	-2.48E-08	18.83	4.41E-08	333.83
55.218	36.759	2.05E-08	104.35	-2.19E-08	14.35	4.24E-08	329.35
56.334	36.714	2.01E-08	116.99	-2.34E-08	26.99	4.35E-08	341.99
57.447	36.659	1.21E-08	117.11	-2.42E-08	27.11	3.63E-08	342.11
58.557	36.594	6.42E-09	115.4	-2.18E-08	25.4	2.82E-08	340.4
59.664	36.518	1.73E-09	119.04	-1.65E-08	29.04	1.82E-08	344.04
60.766	36.432	-2.50E-09	316.05	-1.66E-08	46.05	1.41E-08	1.05
45.074	37.586	2.46E-08	69.3	-2.43E-08	339.3	4.89E-08	294.3
46.202	37.638	1.97E-08	66.89	-2.38E-08	336.89	4.35E-08	291.89
47.333	37.678	2.35E-08	64.12	-1.64E-08	334.12	3.99E-08	289.12
48.465	37.708	1.89E-08	52.68	-9.94E-09	322.68	2.88E-08	277.68
49.599	37.727	1.41E-08	32.71	-1.49E-08	122.71	2.90E-08	77.71
56.398	37.612	2.82E-08	116.9	-3.12E-08	26.9	5.94E-08	341.9
57.524	37.555	2.37E-08	119.27	-3.64E-08	29.27	6.01E-08	344.27
58.647	37.487	1.39E-08	118.91	-3.77E-08	28.91	5.16E-08	343.91
59.766	37.409	3.72E-09	119.24	-3.46E-08	29.24	3.83E-08	344.24
45.001	38.483	2.45E-08	71.78	-2.37E-08	341.78	4.81E-08	296.78
46.143	38.536	1.80E-08	66.55	-2.23E-08	336.55	4.03E-08	291.55
47.287	38.578	2.26E-08	57.83	-1.64E-08	327.83	3.90E-08	282.83
48.434	38.609	2.33E-08	52.52	-9.29E-09	322.52	3.26E-08	277.52
49.582	38.628	1.82E-08	36.18	-1.64E-08	126.18	3.46E-08	81.18
44.925	39.379	1.70E-08	70.37	-1.82E-08	340.37	3.52E-08	295.37
46.081	39.434	1.46E-08	61.24	-1.22E-08	331.24	2.68E-08	286.24
47.240	39.477	2.58E-08	49.91	-8.54E-09	319.91	3.44E-08	274.91
48.401	39.509	2.99E-08	43.41	-5.54E-09	133.41	3.54E-08	88.41
